Equimolar mixture of water-methanol at 298 K and 1 atm
#NOTE: MSDs should be divided by the temperature.
#NOTE: MSDs have been divided by 2 or 10 (i.e., the viscosity computed from all components).
#Time	MSD_xx	MSD_yy	MSD_zz	MSD_xy	MSD_xz	MSD_yz	MSD_off	MSD_all	MSD_bulkvisc
 10 1.02992e+09 1.0077e+09 1.02043e+09 1.02148e+09 1.01693e+09 1.02766e+09 1.02202e+09 1.02095e+09 1.14437e+09
 20 3.30044e+09 3.20304e+09 3.25552e+09 3.26127e+09 3.24657e+09 3.27545e+09 3.26109e+09 3.25786e+09 4.25843e+09
 30 6.85897e+09 6.6494e+09 6.76207e+09 6.78302e+09 6.7512e+09 6.80974e+09 6.78132e+09 6.77152e+09 9.16929e+09
 40 1.12064e+10 1.08511e+10 1.10421e+10 1.10915e+10 1.10403e+10 1.11307e+10 1.10875e+10 1.10658e+10 1.5536e+10
 50 1.59413e+10 1.5413e+10 1.56989e+10 1.57932e+10 1.57237e+10 1.58372e+10 1.57847e+10 1.57446e+10 2.30761e+10
 60 2.12171e+10 2.05001e+10 2.08892e+10 2.10495e+10 2.09604e+10 2.10942e+10 2.10347e+10 2.09683e+10 3.16766e+10
 70 2.64704e+10 2.55406e+10 2.60418e+10 2.62917e+10 2.61852e+10 2.63174e+10 2.62648e+10 2.61659e+10 4.10072e+10
 80 3.20629e+10 3.09097e+10 3.15222e+10 3.18876e+10 3.17632e+10 3.18848e+10 3.18452e+10 3.17064e+10 5.10276e+10
 90 3.76811e+10 3.62807e+10 3.70007e+10 3.75063e+10 3.73706e+10 3.74611e+10 3.7446e+10 3.72626e+10 6.14816e+10
 100 4.34842e+10 4.18148e+10 4.26388e+10 4.33087e+10 4.31664e+10 4.32107e+10 4.32286e+10 4.29955e+10 7.22952e+10
 110 4.95591e+10 4.75953e+10 4.85132e+10 4.93685e+10 4.92289e+10 4.92171e+10 4.92715e+10 4.89853e+10 8.33933e+10
 120 5.57528e+10 5.34593e+10 5.44705e+10 5.55307e+10 5.54027e+10 5.53196e+10 5.54176e+10 5.50749e+10 9.46508e+10
 130 6.23536e+10 5.97023e+10 6.08036e+10 6.20868e+10 6.19756e+10 6.18282e+10 6.19635e+10 6.15594e+10 1.06118e+11
 140 6.90893e+10 6.60389e+10 6.72348e+10 6.87552e+10 6.86699e+10 6.84553e+10 6.86268e+10 6.81578e+10 1.17671e+11
 150 7.61601e+10 7.26832e+10 7.39774e+10 7.57493e+10 7.56926e+10 7.54206e+10 7.56208e+10 7.50819e+10 1.29368e+11
 160 8.34223e+10 7.94895e+10 8.08755e+10 8.29164e+10 8.29001e+10 8.25664e+10 8.27943e+10 8.21816e+10 1.4116e+11
 170 9.08606e+10 8.64497e+10 8.79237e+10 9.02473e+10 9.02865e+10 8.98748e+10 9.01362e+10 8.94463e+10 1.53054e+11
 180 9.85457e+10 9.36425e+10 9.51867e+10 9.78136e+10 9.79214e+10 9.74165e+10 9.77172e+10 9.6947e+10 1.65084e+11
 190 1.06319e+11 1.00902e+11 1.02506e+11 1.05449e+11 1.05645e+11 1.05013e+11 1.05369e+11 1.04518e+11 1.77211e+11
 200 1.1436e+11 1.08415e+11 1.10066e+11 1.13337e+11 1.13632e+11 1.12849e+11 1.13272e+11 1.12342e+11 1.89504e+11
 200 1.13607e+11 1.07849e+11 1.10402e+11 1.13516e+11 1.13384e+11 1.1224e+11 1.13047e+11 1.12076e+11 1.87374e+11
 400 3.13666e+11 2.90352e+11 2.94571e+11 3.04487e+11 3.09636e+11 3.00836e+11 3.04986e+11 3.02804e+11 4.70066e+11
 600 5.69821e+11 5.15902e+11 5.20833e+11 5.4313e+11 5.59814e+11 5.37126e+11 5.4669e+11 5.42222e+11 8.27921e+11
 800 8.72068e+11 7.79964e+11 7.77654e+11 8.22641e+11 8.42931e+11 8.12016e+11 8.25863e+11 8.19476e+11 1.25115e+12
 1000 1.21589e+12 1.0813e+12 1.06058e+12 1.13544e+12 1.15654e+12 1.11507e+12 1.13568e+12 1.12911e+12 1.73045e+12
 1200 1.59353e+12 1.41836e+12 1.37005e+12 1.47254e+12 1.49706e+12 1.44089e+12 1.47016e+12 1.46635e+12 2.25755e+12
 1400 1.99947e+12 1.78269e+12 1.69878e+12 1.83579e+12 1.86101e+12 1.78831e+12 1.82837e+12 1.82782e+12 2.82995e+12
 1600 2.43337e+12 2.17214e+12 2.04471e+12 2.2164e+12 2.24581e+12 2.15318e+12 2.20513e+12 2.20978e+12 3.44324e+12
 1800 2.89171e+12 2.58367e+12 2.4064e+12 2.61276e+12 2.65023e+12 2.536e+12 2.59966e+12 2.6107e+12 4.09334e+12
 2000 3.36816e+12 3.01322e+12 2.78332e+12 3.02983e+12 3.07494e+12 2.93596e+12 3.01358e+12 3.03011e+12 4.77637e+12
 2200 3.85662e+12 3.46184e+12 3.16745e+12 3.46037e+12 3.51863e+12 3.34787e+12 3.44229e+12 3.4635e+12 5.48864e+12
 2400 4.35947e+12 3.92858e+12 3.56262e+12 3.90414e+12 3.98021e+12 3.77052e+12 3.88495e+12 3.91106e+12 6.23255e+12
 2600 4.87353e+12 4.41163e+12 3.96834e+12 4.35882e+12 4.45723e+12 4.20706e+12 4.34104e+12 4.37176e+12 7.00629e+12
 2800 5.39778e+12 4.9079e+12 4.38037e+12 4.82579e+12 4.94756e+12 4.6543e+12 4.80922e+12 4.84367e+12 7.8103e+12
 3000 5.93163e+12 5.41305e+12 4.80044e+12 5.30588e+12 5.45008e+12 5.111e+12 5.28899e+12 5.32607e+12 8.63688e+12
 3200 6.47341e+12 5.93259e+12 5.22549e+12 5.79395e+12 5.9618e+12 5.57347e+12 5.77641e+12 5.81671e+12 9.49264e+12
 3400 7.02223e+12 6.46651e+12 5.65779e+12 6.2886e+12 6.48462e+12 6.04297e+12 6.27206e+12 6.31611e+12 1.03751e+13
 3600 7.57661e+12 7.01143e+12 6.09894e+12 6.78969e+12 7.01895e+12 6.52359e+12 6.77741e+12 6.82471e+12 1.12746e+13
 3800 8.13499e+12 7.56999e+12 6.54746e+12 7.29556e+12 7.56724e+12 7.00781e+12 7.2902e+12 7.34111e+12 1.21859e+13
 4000 8.69971e+12 8.13146e+12 6.99649e+12 7.80823e+12 8.12308e+12 7.49674e+12 7.80935e+12 7.86263e+12 1.31133e+13
 4000 8.84988e+12 8.1009e+12 6.96924e+12 8.11405e+12 8.17058e+12 7.70165e+12 7.99543e+12 7.98659e+12 1.31222e+13
 8000 2.13132e+13 2.03692e+13 1.6584e+13 1.92152e+13 2.04406e+13 1.8223e+13 1.92929e+13 1.93446e+13 3.33178e+13
 12000 3.22686e+13 3.26128e+13 2.55359e+13 3.0405e+13 3.34907e+13 2.83538e+13 3.07498e+13 3.05055e+13 5.55529e+13
 16000 4.39708e+13 4.5537e+13 3.40079e+13 4.04494e+13 4.75438e+13 3.73337e+13 4.17756e+13 4.15341e+13 7.69305e+13
 20000 5.52243e+13 5.82008e+13 4.26661e+13 5.1635e+13 6.13856e+13 4.45105e+13 5.25104e+13 5.23184e+13 9.83939e+13
 24000 6.53584e+13 7.03093e+13 5.15629e+13 6.42856e+13 7.58348e+13 5.18773e+13 6.39992e+13 6.33636e+13 1.20197e+14
 28000 7.65533e+13 8.35519e+13 6.1297e+13 7.98703e+13 9.18672e+13 5.97508e+13 7.71628e+13 7.58179e+13 1.41883e+14
 32000 8.87142e+13 9.89593e+13 7.16984e+13 9.6121e+13 1.10368e+14 6.79621e+13 9.14838e+13 8.94732e+13 1.64463e+14
 36000 1.0144e+14 1.15194e+14 8.07658e+13 1.14116e+14 1.28852e+14 7.6466e+13 1.06478e+14 1.0354e+14 1.88071e+14
 40000 1.1374e+14 1.32174e+14 8.98785e+13 1.31207e+14 1.47094e+14 8.56399e+13 1.21314e+14 1.17561e+14 2.1275e+14
 44000 1.25375e+14 1.48649e+14 9.97563e+13 1.48312e+14 1.64009e+14 9.65685e+13 1.36296e+14 1.31615e+14 2.37814e+14
 48000 1.38345e+14 1.64704e+14 1.09871e+14 1.6435e+14 1.80153e+14 1.08488e+14 1.50997e+14 1.45654e+14 2.61399e+14
 52000 1.51822e+14 1.81064e+14 1.18786e+14 1.81973e+14 1.95024e+14 1.20617e+14 1.65871e+14 1.59746e+14 2.84014e+14
 56000 1.66816e+14 1.97572e+14 1.27224e+14 2.00058e+14 2.0763e+14 1.30358e+14 1.79349e+14 1.73158e+14 3.05947e+14
 60000 1.82786e+14 2.14335e+14 1.34907e+14 2.19385e+14 2.1958e+14 1.37259e+14 1.92074e+14 1.86182e+14 3.2684e+14
 64000 1.98054e+14 2.3133e+14 1.42112e+14 2.38071e+14 2.3247e+14 1.42422e+14 2.04321e+14 1.98792e+14 3.45027e+14
 68000 2.1291e+14 2.49779e+14 1.50836e+14 2.56002e+14 2.45437e+14 1.48935e+14 2.16792e+14 2.11878e+14 3.62836e+14
 72000 2.2773e+14 2.68512e+14 1.60658e+14 2.71092e+14 2.58719e+14 1.57707e+14 2.29173e+14 2.2509e+14 3.78842e+14
 76000 2.4187e+14 2.88357e+14 1.70953e+14 2.8728e+14 2.72575e+14 1.68109e+14 2.42655e+14 2.39083e+14 3.96882e+14
 80000 2.56145e+14 3.08541e+14 1.81136e+14 3.01599e+14 2.85727e+14 1.78508e+14 2.55278e+14 2.5261e+14 4.14546e+14
 80000 2.48229e+14 3.09203e+14 2.09425e+14 3.76813e+14 2.83433e+14 1.29391e+14 2.63212e+14 2.60175e+14 4.09979e+14
 160000 4.49619e+14 7.44029e+14 5.71781e+14 6.69976e+14 6.31141e+14 3.09465e+14 5.36861e+14 5.57507e+14 8.80288e+14
 240000 7.92576e+14 1.17027e+15 7.86173e+14 7.07819e+14 1.12955e+15 5.49727e+14 7.957e+14 8.43956e+14 1.33958e+15
 320000 1.17169e+15 1.75763e+15 9.28661e+14 7.18574e+14 1.70256e+15 7.68061e+14 1.06306e+15 1.15224e+15 1.44754e+15
 400000 1.56074e+15 2.94689e+15 1.18039e+15 8.07871e+14 2.04816e+15 8.27232e+14 1.22776e+15 1.49506e+15 1.5039e+15
 480000 1.99708e+15 4.23251e+15 1.70723e+15 1.12207e+15 2.76027e+15 6.36873e+14 1.5064e+15 1.96208e+15 1.61189e+15
 560000 2.10474e+15 5.54009e+15 2.03463e+15 1.7351e+15 3.77611e+15 3.66642e+14 1.95928e+15 2.46616e+15 1.61235e+15
 640000 2.59993e+15 7.09329e+15 2.07481e+15 2.23862e+15 5.01244e+15 1.36299e+14 2.46245e+15 3.04654e+15 1.11e+15
 720000 2.822e+15 8.87212e+15 1.97582e+15 1.84758e+15 7.23137e+15 1.60103e+14 3.07969e+15 3.67047e+15 8.20477e+14
 800000 3.11203e+15 1.18787e+16 2.99159e+15 1.55407e+15 9.44182e+15 2.53061e+14 3.74965e+15 4.64744e+15 1.60342e+14
 880000 2.38104e+15 1.42946e+16 5.14296e+15 1.76082e+15 1.05251e+16 4.73718e+14 4.25322e+15 5.46108e+15 2.11591e+14
 960000 1.04017e+15 1.39393e+16 7.36387e+15 6.3538e+14 1.30638e+16 3.6279e+14 4.68731e+15 5.7915e+15 1.42569e+13
