Testheader viscosity
#NOTE: MSDs should be divided by the temperature.
#NOTE: MSDs have been divided by 2 or 10 (i.e., the viscosity computed from all components).
#Time	MSD_xx	MSD_yy	MSD_zz	MSD_xy	MSD_xz	MSD_yz	MSD_off	MSD_all	MSD_bulkvisc
 0.01 0.0006124 0.000579164 0.000604655 0.00059746 0.000590709 0.000610564 0.000599578 0.000599243 0.000300891
 0.02 0.00243643 0.00230368 0.00240534 0.00237652 0.00234967 0.00242916 0.00238512 0.0023838 0.00118825
 0.03 0.00543443 0.00513647 0.00536406 0.00529911 0.00523929 0.00541836 0.00531892 0.00531601 0.00261915
 0.04 0.00954902 0.00902105 0.00942288 0.00930723 0.00920229 0.00952111 0.00934354 0.00933852 0.00453088
 0.05 0.0147095 0.0138879 0.0145104 0.0143294 0.0141683 0.0146672 0.0143883 0.0143807 0.00685122
 0.06 0.0208384 0.0196609 0.0205482 0.0202874 0.0200602 0.0207795 0.0203757 0.0203651 0.0095081
 0.07 0.027857 0.0262629 0.0274566 0.0271014 0.0268001 0.0277797 0.0272271 0.0272131 0.0124369
 0.08 0.0356888 0.0336194 0.0351579 0.0346945 0.0343127 0.0355923 0.0348665 0.0348487 0.0155845
 0.09 0.0442628 0.0416609 0.0435798 0.0429944 0.0425281 0.0441468 0.0432231 0.043201 0.0189105
 0.1 0.0535138 0.0503243 0.0526557 0.0519354 0.0513829 0.053379 0.0522324 0.0522053 0.0223858
 0.11 0.0633832 0.0595533 0.0623255 0.0614582 0.0608203 0.0632315 0.0618367 0.0618036 0.0259908
 0.12 0.073819 0.0692976 0.0725353 0.0715097 0.07079 0.0736538 0.0719845 0.0719443 0.0297127
 0.13 0.0847747 0.0795128 0.0832369 0.082043 0.0812473 0.084601 0.0826304 0.0825815 0.0335428
 0.14 0.0962089 0.0901598 0.0943871 0.0930164 0.0921527 0.0960341 0.0937344 0.0936747 0.0374751
 0.15 0.108085 0.101204 0.105948 0.104393 0.103471 0.107919 0.105261 0.105188 0.0415045
 0.16 0.12037 0.112613 0.117884 0.116141 0.11517 0.120225 0.117179 0.117089 0.0456265
 0.17 0.133033 0.124361 0.130165 0.128231 0.127222 0.132926 0.12946 0.12935 0.0498366
 0.18 0.14605 0.136421 0.142765 0.140638 0.139602 0.145998 0.142079 0.141946 0.05413
 0.19 0.159394 0.14877 0.155657 0.15334 0.152286 0.159421 0.155016 0.154852 0.0585024
 0.2 0.173044 0.161389 0.168821 0.166319 0.165254 0.173176 0.16825 0.16805 0.0629495
 0.2 0.172807 0.162066 0.168381 0.166441 0.165881 0.172688 0.168337 0.168103 0.0627225
 0.4 0.491331 0.453849 0.471137 0.468069 0.467924 0.497892 0.477962 0.475619 0.163579
 0.6 0.871022 0.79604 0.825224 0.822125 0.829753 0.881605 0.844494 0.839001 0.282773
 0.8 1.29205 1.17259 1.21535 1.20723 1.23169 1.30579 1.24824 1.23961 0.417337
 1 1.73881 1.57566 1.63124 1.62153 1.65986 1.76066 1.68068 1.66784 0.565973
 1.2 2.2032 1.99844 2.06234 2.06011 2.10676 2.23965 2.13551 2.1165 0.720701
 1.4 2.68314 2.43569 2.5049 2.51182 2.56109 2.73594 2.60295 2.57827 0.882966
 1.6 3.17644 2.8855 2.9599 2.9742 3.01867 3.24571 3.07952 3.05063 1.05091
 1.8 3.67469 3.34238 3.42004 3.44676 3.47534 3.76551 3.56253 3.52913 1.22359
 2 4.18425 3.80956 3.88924 3.9329 3.93147 4.29881 4.05439 4.01704 1.39883
 2.2 4.70986 4.29496 4.36985 4.42866 4.39424 4.84296 4.55529 4.51646 1.57511
 2.4 5.24742 4.79542 4.8583 4.93024 4.86594 5.40536 5.06718 5.02713 1.75439
 2.6 5.79338 5.30994 5.35132 5.43611 5.35263 5.98394 5.59089 5.54849 1.93778
 2.8 6.34505 5.83678 5.84939 5.95091 5.85341 6.57311 6.12581 6.07965 2.12202
 3 6.90241 6.37614 6.34533 6.47101 6.36584 7.17139 6.66941 6.61817 2.30758
 3.2 7.46571 6.92451 6.84265 6.99128 6.88659 7.76926 7.21571 7.16048 2.49563
 3.4 8.02809 7.47175 7.33731 7.50824 7.41388 8.36219 7.76144 7.70182 2.68623
 3.6 8.58987 8.01228 7.83012 8.02385 7.94864 8.95007 8.30752 8.24215 2.87938
 3.8 9.1506 8.55201 8.32707 8.53596 8.48371 9.53781 8.85249 8.78212 3.07539
 4 9.7077 9.08894 8.82954 9.046 9.01589 10.1197 9.39386 9.31981 3.27377
 4 9.42382 8.94253 8.9365 8.57265 9.07334 10.4982 9.38141 9.26923 3.07768
 8 21.1926 19.8186 18.3042 19.6021 18.4718 21.4755 19.8498 19.8186 7.58238
 12 33.2107 31.6161 28.278 30.4628 28.2065 31.225 29.9648 30.3928 13.1069
 16 46.2023 43.2755 39.1101 41.0534 38.3881 43.7666 41.0693 41.7867 18.436
 20 58.3876 52.9416 52.2466 51.9914 47.7148 56.1915 51.9659 52.9897 23.6298
 24 68.755 60.0346 65.898 63.0075 57.4509 68.6131 63.0238 63.7726 29.2312
 28 80.4934 66.8776 78.5322 74.6857 67.8514 80.9871 74.5081 74.8253 35.5465
 32 92.5336 74.1822 91.4347 86.131 77.7283 90.8091 84.8895 85.3538 42.2634
 36 103.404 80.2484 104.671 97.3081 88.4607 99.9924 95.2537 95.5953 49.5628
 40 114.435 86.0407 117.247 110.054 100.692 110.98 107.242 106.708 57.1768
 44 126.038 92.2537 128.985 125.6 113.805 119.612 119.672 118.107 65.3465
 48 136.256 97.2153 139.114 142.192 127.512 126.878 132.194 128.994 73.7979
 52 147.174 102.163 149.927 158.881 141.272 132.365 144.173 139.739 82.6296
 56 156.035 109.068 160.191 173.719 154.279 137.545 155.181 149.814 91.6199
 60 163.44 115.199 172.655 186.65 168.038 143.059 165.916 159.722 99.8941
 64 171.763 122.81 185.825 196.204 182.881 147.931 175.672 169.456 107.927
 68 179.423 132.127 199.99 204.103 197.097 152.028 184.409 178.851 115.602
 72 183.091 139.962 213.877 214.464 211.418 156.839 194.24 188.135 123.317
 76 185.915 147.841 228.12 226.454 226.09 160.966 204.503 197.619 130.887
 80 187.381 155.401 243.511 239.805 241.738 165.349 215.63 207.551 138.308
 80 149.155 178.478 276.489 182.001 210.178 212.853 201.677 201.556 167.878
 160 261.958 413.832 711.394 579.875 607.735 360.76 516.123 494.632 294.251
 240 350.59 894.978 1346.43 1163.97 1078.78 324.184 855.642 858.986 437.512
 320 535.039 1257.38 2372.96 1763.99 1455 180.997 1133.33 1235.38 652.321
 400 767.154 1751.03 3442.83 2285.68 1787.72 340.256 1471.22 1677.53 471.561
 480 1060.78 2237.44 4992.14 2537.96 2045.64 575.522 1719.71 2137.21 428.311
 560 1265.26 3145.66 6625.96 2200.17 2079.89 281.719 1520.59 2383.94 471.934
 640 1405.36 4115.37 8800.76 2208.51 1803.88 243.938 1418.78 2760.8 334.858
 720 2064.87 5187.02 11751 2344.48 1217.63 308.184 1290.1 3307.78 120.805
 800 1969.95 5513.61 12934.9 2604.48 556.184 128.958 1096.54 3380.38 80.1796
 880 2401.05 5935.54 15389.6 3050.14 227.196 75.6347 1117.66 3834.09 15.6674
 960 4030.77 4516.03 17079.8 3431.61 61.9517 16.0265 1169.86 4118.8 50.7311
